{
    "input1": {
        "min": -0.9865555763244629,
        "max": 0.9903623461723328,
        "mean": 0.01168123260140419,
        "std": 0.5665242445613905
    },
    "input2": {
        "min": -0.9349072575569153,
        "max": 0.9957413673400879,
        "mean": -0.0330209881067276,
        "std": 0.5205518773281246
    },
    "output": {
        "min": 1.0,
        "max": 1.0,
        "mean": 1.0,
        "std": 0.0
    }
}