{
    "input1": {
        "min": -0.9999520778656006,
        "max": 0.9999738335609436,
        "mean": -0.0027365190908312798,
        "std": 0.5763217481669963
    },
    "input2": {
        "min": -0.9999810457229614,
        "max": 0.9999804496765137,
        "mean": 0.0023010405711829662,
        "std": 0.578136559145272
    },
    "output": {
        "min": -1.9958624839782715,
        "max": 1.992437720298767,
        "mean": -0.005037559662014246,
        "std": 0.8150226713142295
    }
}