{
    "input": {
        "min": -0.9999099969863892,
        "max": 0.9999886751174927,
        "mean": -0.0017570287454873323,
        "std": 0.575054487583404
    },
    "filter": {
        "min": -0.9999822974205017,
        "max": 0.9988695383071899,
        "mean": 0.005592549012766944,
        "std": 0.5791434397338945
    },
    "bias": {
        "min": -0.8698158264160156,
        "max": 0.7670782208442688,
        "mean": -0.3396598994731903,
        "std": 0.6434405155124086
    },
    "output": {
        "min": -16.161745071411133,
        "max": 15.46660327911377,
        "mean": -0.3343915641307831,
        "std": 3.956708238726509
    }
}