{
    "input": {
        "min": -0.9999555349349976,
        "max": 0.999957263469696,
        "mean": 0.00513362605124712,
        "std": 0.5788074991206678
    },
    "filter": {
        "min": -0.9979678392410278,
        "max": 0.9996851682662964,
        "mean": -0.006695372362931569,
        "std": 0.5716744744808997
    },
    "bias": {
        "min": -0.9111218452453613,
        "max": 0.9760598540306091,
        "mean": 0.20858050882816315,
        "std": 0.6159496562944108
    },
    "output": {
        "min": -12.25123405456543,
        "max": 12.614587783813477,
        "mean": 0.1855240582675517,
        "std": 2.82773915958491
    }
}