{
    "cond": {
        "min": 0.0,
        "max": 1.0,
        "mean": 0.5,
        "std": 0.5039526306789697
    },
    "input1": {
        "min": -0.9826047420501709,
        "max": 0.9950568079948425,
        "mean": 0.11436066776514053,
        "std": 0.5658369700818371
    },
    "input2": {
        "min": -0.9864162802696228,
        "max": 0.9720824360847473,
        "mean": -0.08705157786607742,
        "std": 0.5993338353060816
    },
    "output": {
        "min": -0.9054888486862183,
        "max": 0.9950568079948425,
        "mean": 0.005086001008749008,
        "std": 0.5548454357323886
    }
}