{
    "input1": {
        "min": 0.0,
        "max": 1.0,
        "mean": 0.5033721923828125,
        "std": 0.49999244284337613
    },
    "input2": {
        "min": 0.0,
        "max": 1.0,
        "mean": 0.5020751953125,
        "std": 0.49999950825393535
    },
    "output": {
        "min": 0.0,
        "max": 1.0,
        "mean": 0.75274658203125,
        "std": 0.4314185963399571
    }
}