{
    "input1": {
        "min": -0.9999217987060547,
        "max": 0.9999330043792725,
        "mean": -0.002225334756076336,
        "std": 0.5779295628080452
    },
    "input2": {
        "min": -0.9710643291473389,
        "max": 0.9790536165237427,
        "mean": 0.1764165312051773,
        "std": 0.6567507907148944
    },
    "output": {
        "min": -29.389429092407227,
        "max": 29.394071578979492,
        "mean": 0.009313078597187996,
        "std": 4.769082234032731
    }
}