{
    "input": {
        "min": -0.9999924302101135,
        "max": 0.9999504089355469,
        "mean": -0.001401858520694077,
        "std": 0.5781843407267997
    },
    "filter": {
        "min": -0.9983932375907898,
        "max": 0.9999227523803711,
        "mean": 0.0028543565422296524,
        "std": 0.5684832012441041
    },
    "bias": {
        "min": -0.9534896016120911,
        "max": 0.8553556799888611,
        "mean": -0.015368537977337837,
        "std": 0.5013699111443716
    },
    "output": {
        "min": -14.029682159423828,
        "max": 13.061549186706543,
        "mean": -0.04132242500782013,
        "std": 3.6413445297934053
    }
}