{
    "input1": {
        "min": -0.9999768733978271,
        "max": 0.9999627470970154,
        "mean": 0.0009719002991914749,
        "std": 0.57715424292643
    },
    "input2": {
        "min": -0.9999935626983643,
        "max": 0.9999566078186035,
        "mean": -0.0029799072071909904,
        "std": 0.5758575054344478
    },
    "output": {
        "min": -0.997460663318634,
        "max": 0.9999627470970154,
        "mean": 0.3338327407836914,
        "std": 0.4697256686162372
    }
}