{
    "input1": {
        "min": -0.9999613761901855,
        "max": 0.9999949336051941,
        "mean": 0.0043674311600625515,
        "std": 0.576894232693331
    },
    "input2": {
        "min": -0.9999521374702454,
        "max": 0.9999184608459473,
        "mean": -0.0017929559107869864,
        "std": 0.5760338057818167
    },
    "output": {
        "min": 1.0,
        "max": 1.0,
        "mean": 1.0,
        "std": 0.0
    }
}