{
    "input": {
        "min": -0.999877393245697,
        "max": 0.999900221824646,
        "mean": 0.008103711530566216,
        "std": 0.5759197166866896
    },
    "filter": {
        "min": -0.9982905983924866,
        "max": 0.9979689717292786,
        "mean": 0.026892681916554768,
        "std": 0.5722461334898987
    },
    "bias": {
        "min": -0.9160163998603821,
        "max": 0.8986158967018127,
        "mean": -0.08526182174682617,
        "std": 0.722280295097502
    },
    "output": {
        "min": -10.99889087677002,
        "max": 10.931767463684082,
        "mean": -0.06839372217655182,
        "std": 2.8282168978476214
    }
}