{
    "input1": {
        "min": -0.9915807843208313,
        "max": 0.9933614730834961,
        "mean": -0.017606716603040695,
        "std": 0.6326461832272494
    },
    "input2": {
        "min": -0.9676372408866882,
        "max": 0.9888437390327454,
        "mean": 0.06730251014232635,
        "std": 0.6119013659426045
    },
    "output": {
        "min": -0.9915807843208313,
        "max": 0.9933614730834961,
        "mean": -0.017606716603040695,
        "std": 0.6326461832272494
    }
}