{
    "input": {
        "min": -0.9999998807907104,
        "max": 0.999960720539093,
        "mean": 0.002670858521014452,
        "std": 0.577328501688467
    },
    "filter": {
        "min": -0.9961822032928467,
        "max": 0.9981797337532043,
        "mean": 0.026372745633125305,
        "std": 0.5835541716038473
    },
    "bias": {
        "min": -0.983575165271759,
        "max": 0.9459714889526367,
        "mean": 0.08450806140899658,
        "std": 0.716171883134995
    },
    "output": {
        "min": -17.988012313842773,
        "max": 17.389606475830078,
        "mean": 0.09764536689309512,
        "std": 3.8668106242552653
    }
}