{
    "input": {
        "min": -0.9999931454658508,
        "max": 0.9999830722808838,
        "mean": -0.0007507156115025282,
        "std": 0.5793369305810764
    },
    "filter": {
        "min": -0.9970043897628784,
        "max": 0.9931334853172302,
        "mean": 0.08181281387805939,
        "std": 0.5819091061053293
    },
    "bias": {
        "min": -0.7559158205986023,
        "max": 0.939609169960022,
        "mean": -0.1383039504289627,
        "std": 0.5667720543258519
    },
    "output": {
        "min": -6.291024684906006,
        "max": 6.270619869232178,
        "mean": -0.14022621512413025,
        "std": 1.456681226524994
    }
}