{
    "cond": {
        "min": 0.0,
        "max": 1.0,
        "mean": 0.500457763671875,
        "std": 0.5000036051917
    },
    "input1": {
        "min": -0.9999887347221375,
        "max": 0.9999908208847046,
        "mean": -0.0009855981916189194,
        "std": 0.5779753682485661
    },
    "input2": {
        "min": -0.9999685287475586,
        "max": 0.9999673366546631,
        "mean": -0.002821883652359247,
        "std": 0.5787661402159755
    },
    "output": {
        "min": -0.9999887347221375,
        "max": 0.9999908208847046,
        "mean": -0.0009615622693672776,
        "std": 0.5767665392739282
    }
}