{
    "input1": {
        "min": -0.9999737739562988,
        "max": 0.9999983310699463,
        "mean": -0.0004648012400139123,
        "std": 0.5773341054976686
    },
    "input2": {
        "min": -0.9999527335166931,
        "max": 0.9999611973762512,
        "mean": -0.003685313742607832,
        "std": 0.5763515478292951
    },
    "output": {
        "min": 0.0,
        "max": 1.0,
        "mean": 0.497344970703125,
        "std": 0.49999676545688104
    }
}