{
    "input": {
        "min": -0.9999330639839172,
        "max": 0.9999752044677734,
        "mean": -0.0018466486362740397,
        "std": 0.5767519313711285
    },
    "filter": {
        "min": -0.9995894432067871,
        "max": 0.9999281167984009,
        "mean": -0.004590421915054321,
        "std": 0.580478758718327
    },
    "bias": {
        "min": -0.8770142197608948,
        "max": 0.6139785051345825,
        "mean": 0.03053421899676323,
        "std": 0.597020511114954
    },
    "output": {
        "min": -14.1888427734375,
        "max": 11.723986625671387,
        "mean": 0.03297726809978485,
        "std": 2.3774285152914265
    }
}