{
    "input1": {
        "min": -0.9999651312828064,
        "max": 0.9999157190322876,
        "mean": -0.003227943554520607,
        "std": 0.5778718948675238
    },
    "input2": {
        "min": -0.9999657869338989,
        "max": 0.999954104423523,
        "mean": -0.00054151751101017,
        "std": 0.5769925913223587
    },
    "output": {
        "min": -0.9964855313301086,
        "max": 0.997683584690094,
        "mean": 0.0018048728816211224,
        "std": 0.33353825507684665
    }
}