{
    "input": {
        "min": -0.9999865293502808,
        "max": 0.9999768733978271,
        "mean": 0.0011471685720607638,
        "std": 0.576690701946466
    },
    "filter": {
        "min": -0.9995573163032532,
        "max": 0.9993537664413452,
        "mean": -0.0016382363438606261,
        "std": 0.5735458044886018
    },
    "bias": {
        "min": -0.9626993536949158,
        "max": 0.5378915071487427,
        "mean": -0.249455988407135,
        "std": 0.6139921022401476
    },
    "output": {
        "min": -26.592384338378906,
        "max": 28.763763427734375,
        "mean": -0.23922665417194366,
        "std": 6.426250823411615
    }
}