{
    "input": {
        "min": -0.9999828338623047,
        "max": 0.9999683499336243,
        "mean": -6.229919381439686e-05,
        "std": 0.5782515173366071
    },
    "filter": {
        "min": -0.9969270825386047,
        "max": 0.9838778376579285,
        "mean": 0.002918415599399143,
        "std": 0.5718151807942119
    },
    "bias": {
        "min": -0.9292193055152893,
        "max": 0.898785412311554,
        "mean": -0.08148785680532455,
        "std": 0.6258513053133907
    },
    "output": {
        "min": -4.648756504058838,
        "max": 5.076770782470703,
        "mean": -0.08104786276817322,
        "std": 1.1420001904898887
    }
}