{
    "input": {
        "min": -0.9999909996986389,
        "max": 0.9999258518218994,
        "mean": 0.001877116970717907,
        "std": 0.580000008156658
    },
    "filter": {
        "min": -0.9991852045059204,
        "max": 0.9991820454597473,
        "mean": -0.0035400867462158205,
        "std": 0.5768770733374229
    },
    "bias": {
        "min": -0.8957340121269226,
        "max": 0.8524037003517151,
        "mean": -0.141306534409523,
        "std": 0.5899324975678556
    },
    "output": {
        "min": -20.86219596862793,
        "max": 18.916765213012695,
        "mean": -0.14061734080314636,
        "std": 4.592183960124043
    }
}