{
    "input": {
        "min": -0.9999904632568359,
        "max": 0.9999779462814331,
        "mean": 0.0036165372002869844,
        "std": 0.5782178420213949
    },
    "filter": {
        "min": -0.9976964592933655,
        "max": 0.9974751472473145,
        "mean": 0.012892108824517991,
        "std": 0.5718487910997297
    },
    "output": {
        "min": -17.369701385498047,
        "max": 14.924636840820312,
        "mean": -0.016094189137220383,
        "std": 3.8910194872070916
    }
}