{
    "input": {
        "min": -0.9999873042106628,
        "max": 0.9999933838844299,
        "mean": 0.0009726152056828141,
        "std": 0.5771494652375945
    },
    "filter": {
        "min": -0.9994596242904663,
        "max": 0.9993187785148621,
        "mean": 0.009497994184494018,
        "std": 0.5746267721004524
    },
    "bias": {
        "min": -0.9773598909378052,
        "max": 0.9344912171363831,
        "mean": -0.05782462656497955,
        "std": 0.6772642353821959
    },
    "output": {
        "min": -27.602663040161133,
        "max": 26.9229793548584,
        "mean": -0.06207162141799927,
        "std": 6.430749060773107
    }
}