{
    "input1": {
        "min": -0.944769024848938,
        "max": 0.9722968339920044,
        "mean": 0.12836414575576782,
        "std": 0.5891405956799478
    },
    "input2": {
        "min": -0.9673181772232056,
        "max": 0.9914747476577759,
        "mean": 0.11962555348873138,
        "std": 0.5739215421634257
    },
    "output": {
        "min": -1.6489479541778564,
        "max": 1.6890678405761719,
        "mean": 0.008738577365875244,
        "std": 0.8557856068343442
    }
}