{
    "input": {
        "min": -0.9999342560768127,
        "max": 0.999935507774353,
        "mean": -0.001530728884972632,
        "std": 0.576568099686974
    },
    "filter": {
        "min": -0.998680055141449,
        "max": 0.9984935522079468,
        "mean": 0.00020046697722540962,
        "std": 0.5796365041022334
    },
    "bias": {
        "min": -0.9698420763015747,
        "max": 0.9799425005912781,
        "mean": 0.08681638538837433,
        "std": 0.6875035465390127
    },
    "output": {
        "min": -13.342673301696777,
        "max": 12.603772163391113,
        "mean": 0.0778985951371049,
        "std": 2.877324196601673
    }
}