{
    "input1": {
        "min": 0.0,
        "max": 1.0,
        "mean": 0.4976654052734375,
        "std": 0.49999836433709477
    },
    "input2": {
        "min": 0.0,
        "max": 1.0,
        "mean": 0.3125,
        "std": 0.478713553878169
    },
    "output": {
        "min": 0.0,
        "max": 1.0,
        "mean": 0.1566619873046875,
        "std": 0.3634845595692963
    }
}