{
    "input1": {
        "min": 0.0,
        "max": 1.0,
        "mean": 0.4976959228515625,
        "std": 0.49999850590072925
    },
    "input2": {
        "min": 0.0,
        "max": 1.0,
        "mean": 0.501861572265625,
        "std": 0.5000003492511726
    },
    "output": {
        "min": 0.0,
        "max": 1.0,
        "mean": 0.248931884765625,
        "std": 0.4323975652251742
    }
}