{
    "input1": {
        "min": -0.9884541630744934,
        "max": 0.9889021515846252,
        "mean": 0.020310858264565468,
        "std": 0.5950691721135586
    },
    "input2": {
        "min": -0.9946140646934509,
        "max": 0.9922319650650024,
        "mean": 0.06073002517223358,
        "std": 0.601910333619383
    },
    "output": {
        "min": 0.0,
        "max": 1.0,
        "mean": 0.53125,
        "std": 0.5029673851018478
    }
}