{
    "input1": {
        "min": -0.9957391023635864,
        "max": 0.9986388683319092,
        "mean": 0.07201836258172989,
        "std": 0.6201592361934645
    },
    "input2": {
        "min": -0.9807597398757935,
        "max": 0.9892552495002747,
        "mean": -0.04330828785896301,
        "std": 0.5793713566520622
    },
    "output": {
        "min": -0.7958974242210388,
        "max": 0.9986388683319092,
        "mean": 0.3679234981536865,
        "std": 0.4620975538286023
    }
}