{
    "input1": {
        "min": -0.9675846695899963,
        "max": 0.9356597661972046,
        "mean": -0.1262238621711731,
        "std": 0.5772085955477031
    },
    "input2": {
        "min": -0.9078373312950134,
        "max": 0.9993085861206055,
        "mean": -0.028262343257665634,
        "std": 0.599278538515401
    },
    "output": {
        "min": 0.0,
        "max": 1.0,
        "mean": 0.40625,
        "std": 0.495014830625995
    }
}