{
    "input": {
        "min": -0.9998772144317627,
        "max": 0.9999917149543762,
        "mean": 0.009328758344054222,
        "std": 0.5782780401467194
    },
    "filter": {
        "min": -0.9987941980361938,
        "max": 0.9999833703041077,
        "mean": 0.008875212735599942,
        "std": 0.591347911060024
    },
    "bias": {
        "min": -0.9963874220848083,
        "max": 0.8412821292877197,
        "mean": -0.11375440657138824,
        "std": 0.622181487308049
    },
    "output": {
        "min": -12.459112167358398,
        "max": 12.100726127624512,
        "mean": -0.09724216885036892,
        "std": 2.9689767550927075
    }
}