{
    "input": {
        "min": -0.9999385476112366,
        "max": 0.9999576807022095,
        "mean": 0.0038993055932223797,
        "std": 0.5790616901118801
    },
    "filter": {
        "min": -0.999980628490448,
        "max": 0.9977598190307617,
        "mean": -0.0065823640260431505,
        "std": 0.5830416293895541
    },
    "bias": {
        "min": -0.9669402241706848,
        "max": 0.8753352165222168,
        "mean": -0.3770695924758911,
        "std": 0.7731724686377294
    },
    "output": {
        "min": -16.364042282104492,
        "max": 16.4932918548584,
        "mean": -0.39487412571907043,
        "std": 4.025341665340152
    }
}