{
    "input": {
        "min": -0.9999985098838806,
        "max": 0.9999329447746277,
        "mean": 0.00018183165229856968,
        "std": 0.579556492954436
    },
    "filter": {
        "min": -0.9991075992584229,
        "max": 0.999853789806366,
        "mean": -0.0056654542684555055,
        "std": 0.5782115448861734
    },
    "bias": {
        "min": -0.9613089561462402,
        "max": 0.8654711246490479,
        "mean": 0.06861484795808792,
        "std": 0.6078993400434303
    },
    "output": {
        "min": -20.229671478271484,
        "max": 19.955577850341797,
        "mean": 0.05069692060351372,
        "std": 4.614395733683452
    }
}