{
    "input1": {
        "min": -0.9999071955680847,
        "max": 0.9999992847442627,
        "mean": 0.0004488916019909084,
        "std": 0.5758173223513264
    },
    "input2": {
        "min": -0.9999949336051941,
        "max": 0.9999991059303284,
        "mean": -0.0015754947671666741,
        "std": 0.5768663544494349
    },
    "output": {
        "min": 0.0,
        "max": 1.0,
        "mean": 0.4974517822265625,
        "std": 0.4999973212353944
    }
}