{
    "input1": {
        "min": -0.9665484428405762,
        "max": 0.9352760314941406,
        "mean": -0.07811495661735535,
        "std": 0.5535136584617094
    },
    "input2": {
        "min": -0.9965072274208069,
        "max": 0.9934918880462646,
        "mean": 0.017297519370913506,
        "std": 0.5615169371229516
    },
    "output": {
        "min": -0.9965072274208069,
        "max": 0.9934918880462646,
        "mean": 0.017297519370913506,
        "std": 0.5615169371229516
    }
}