{
    "input1": {
        "min": -0.9782888293266296,
        "max": 0.9588074088096619,
        "mean": 0.005288208834826946,
        "std": 0.5989371196441147
    },
    "input2": {
        "min": -0.9343226552009583,
        "max": 0.9866534471511841,
        "mean": 0.05443874001502991,
        "std": 0.5537301118330065
    },
    "output": {
        "min": -0.9782888293266296,
        "max": 0.7825224995613098,
        "mean": -0.31053850054740906,
        "std": 0.45549036197112697
    }
}