{
    "input1": {
        "min": -0.999962568283081,
        "max": 0.9999709129333496,
        "mean": 0.0019465795485302806,
        "std": 0.5765034648704833
    },
    "input2": {
        "min": -0.9692538976669312,
        "max": 0.817074716091156,
        "mean": 0.007170259952545166,
        "std": 0.6016584015331476
    },
    "output": {
        "min": -0.999962568283081,
        "max": 0.817074716091156,
        "mean": -0.33183595538139343,
        "std": 0.4920654536577097
    }
}