{
    "input": {
        "min": -0.9999967813491821,
        "max": 0.9999430179595947,
        "mean": -0.00044569096644409,
        "std": 0.575417826562814
    },
    "filter": {
        "min": -0.9985260367393494,
        "max": 0.9969592094421387,
        "mean": -0.013576172292232513,
        "std": 0.5812791769852581
    },
    "bias": {
        "min": -0.8514794707298279,
        "max": 0.786827802658081,
        "mean": -0.14688348770141602,
        "std": 0.7113671366708685
    },
    "output": {
        "min": -12.17580795288086,
        "max": 11.679106712341309,
        "mean": -0.15473130345344543,
        "std": 2.7207331730802506
    }
}