{
    "input1": {
        "min": -0.9999938011169434,
        "max": 0.9999642372131348,
        "mean": -0.003435871098190546,
        "std": 0.575864798553116
    },
    "input2": {
        "min": -0.8299844264984131,
        "max": 0.9125821590423584,
        "mean": 0.05956794694066048,
        "std": 0.5340555483694853
    },
    "output": {
        "min": 0.0,
        "max": 1.0,
        "mean": 0.5315399169921875,
        "std": 0.4990080492461403
    }
}