{
    "input1": {
        "min": 0.0,
        "max": 1.0,
        "mean": 0.500335693359375,
        "std": 0.500003702050018
    },
    "input2": {
        "min": 0.0,
        "max": 1.0,
        "mean": 0.5,
        "std": 0.5163977794943222
    },
    "output": {
        "min": 0.0,
        "max": 1.0,
        "mean": 0.7506256103515625,
        "std": 0.43265420340433436
    }
}