{
    "input1": {
        "min": -0.9999565482139587,
        "max": 0.9999998807907104,
        "mean": 0.0034594163298606873,
        "std": 0.5773296837073498
    },
    "input2": {
        "min": -0.9999996423721313,
        "max": 0.9999775886535645,
        "mean": -0.0001813018461689353,
        "std": 0.5772225705278061
    },
    "output": {
        "min": -6957.5166015625,
        "max": 6752.87548828125,
        "mean": -0.0976794883608818,
        "std": 62.20011398902259
    }
}