{
    "input1": {
        "min": -0.9999563097953796,
        "max": 0.9998207092285156,
        "mean": -0.001030954997986555,
        "std": 0.5778392727972316
    },
    "input2": {
        "min": -0.9742871522903442,
        "max": 0.9866694211959839,
        "mean": -0.01949898898601532,
        "std": 0.5667554108065584
    },
    "output": {
        "min": 0.0,
        "max": 1.0,
        "mean": 0.4909515380859375,
        "std": 0.4999219327486409
    }
}