{
    "input": {
        "min": -0.9999929666519165,
        "max": 0.9999917149543762,
        "mean": -9.799358667805791e-05,
        "std": 0.5783153662684448
    },
    "filter": {
        "min": -0.9921284914016724,
        "max": 0.990062415599823,
        "mean": 0.002017166879442003,
        "std": 0.5246673689209067
    },
    "bias": {
        "min": -0.9582321047782898,
        "max": 0.8936891555786133,
        "mean": -0.37529516220092773,
        "std": 0.5336698605862652
    },
    "output": {
        "min": -4.286730766296387,
        "max": 4.325780391693115,
        "mean": -0.37365713715553284,
        "std": 1.028303548488713
    }
}