{
    "input1": {
        "min": -0.9999984502792358,
        "max": 0.9999871253967285,
        "mean": -0.001188474940136075,
        "std": 0.5772689260811189
    },
    "input2": {
        "min": -0.9999445676803589,
        "max": 0.9999935030937195,
        "mean": -0.00342014292255044,
        "std": 0.5796314284129284
    },
    "output": {
        "min": -0.9999984502792358,
        "max": 0.9999935030937195,
        "mean": -0.002304308582097292,
        "std": 0.5784502529581513
    }
}