{
    "input": {
        "min": -0.9999437928199768,
        "max": 0.9999368190765381,
        "mean": -0.0012254515895619988,
        "std": 0.5796907645034595
    },
    "filter": {
        "min": -0.9970704317092896,
        "max": 0.999600350856781,
        "mean": 0.022049289610650804,
        "std": 0.5862530294718006
    },
    "bias": {
        "min": -0.9411507248878479,
        "max": 0.9650486707687378,
        "mean": 0.08917056769132614,
        "std": 0.6384901901204875
    },
    "output": {
        "min": -12.309988975524902,
        "max": 12.220595359802246,
        "mean": 0.0956844245062934,
        "std": 2.955708482347214
    }
}