{
    "input1": {
        "min": -0.9999828934669495,
        "max": 0.9999234080314636,
        "mean": 0.002303682267665863,
        "std": 0.5763915604203862
    },
    "input2": {
        "min": -0.7480189800262451,
        "max": 0.9772375822067261,
        "mean": -0.017077988013625145,
        "std": 0.5418672315249842
    },
    "output": {
        "min": 1.0,
        "max": 1.0,
        "mean": 1.0,
        "std": 0.0
    }
}