{
    "input1": {
        "min": -0.9999939799308777,
        "max": 0.9999730587005615,
        "mean": 0.0019204193959012628,
        "std": 0.5762808560486785
    },
    "input2": {
        "min": -0.999930202960968,
        "max": 0.9999843239784241,
        "mean": -0.0035693845711648464,
        "std": 0.5778587209286019
    },
    "output": {
        "min": 0.0,
        "max": 1.0,
        "mean": 0.5036163330078125,
        "std": 0.4999907366056849
    }
}