{
    "input1": {
        "min": 0.0,
        "max": 1.0,
        "mean": 0.53125,
        "std": 0.5029673851018478
    },
    "input2": {
        "min": 0.0,
        "max": 1.0,
        "mean": 0.453125,
        "std": 0.5017331074496789
    },
    "output": {
        "min": 0.0,
        "max": 1.0,
        "mean": 0.203125,
        "std": 0.4055052697678833
    }
}