{
    "input1": {
        "min": -0.9999988079071045,
        "max": 0.9999793171882629,
        "mean": 0.002666384680196643,
        "std": 0.576044549270285
    },
    "input2": {
        "min": -0.9999720454216003,
        "max": 0.9999851584434509,
        "mean": 0.0036509553901851177,
        "std": 0.5774367451091614
    },
    "output": {
        "min": -0.9999988079071045,
        "max": 0.9999793171882629,
        "mean": 0.002666384680196643,
        "std": 0.576044549270285
    }
}