{
    "input1": {
        "min": -0.9672152400016785,
        "max": 0.9775536060333252,
        "mean": 0.0054937079548835754,
        "std": 0.5854033325799587
    },
    "input2": {
        "min": -0.9842820167541504,
        "max": 0.9959642887115479,
        "mean": -0.1341651827096939,
        "std": 0.5116637624072194
    },
    "output": {
        "min": 0.0,
        "max": 1.0,
        "mean": 0.578125,
        "std": 0.4977628523130841
    }
}