{
    "input": {
        "min": -0.9999246597290039,
        "max": 0.9999443888664246,
        "mean": -0.004830386023968458,
        "std": 0.5778437008411568
    },
    "filter": {
        "min": -0.9993886351585388,
        "max": 0.999968945980072,
        "mean": 0.003401970680879087,
        "std": 0.5773758705573626
    },
    "bias": {
        "min": -0.8060944676399231,
        "max": 0.8365742564201355,
        "mean": 0.14138372242450714,
        "std": 0.50676595136319
    },
    "output": {
        "min": -24.80675506591797,
        "max": 25.11410140991211,
        "mean": -0.035747818648815155,
        "std": 6.364668782952
    }
}