{
    "input": {
        "min": -0.9999988079071045,
        "max": 0.9999896287918091,
        "mean": -0.003826240776106715,
        "std": 0.5779597539456017
    },
    "filter": {
        "min": -0.9924832582473755,
        "max": 0.9923694729804993,
        "mean": -0.033051371574401855,
        "std": 0.5931164283657925
    },
    "bias": {
        "min": -0.5936018824577332,
        "max": 0.8934928774833679,
        "mean": 0.13976973295211792,
        "std": 0.4411448833857839
    },
    "output": {
        "min": -3.8554904460906982,
        "max": 4.638859748840332,
        "mean": 0.13768309354782104,
        "std": 1.0560899233987993
    }
}