{
    "input": {
        "min": -0.9999287724494934,
        "max": 0.999976634979248,
        "mean": 0.003129779128357768,
        "std": 0.577719342133468
    },
    "filter": {
        "min": -0.998517632484436,
        "max": 0.9952585697174072,
        "mean": 0.034363124105665416,
        "std": 0.5808812797038456
    },
    "output": {
        "min": -12.726543426513672,
        "max": 11.912712097167969,
        "mean": -0.008002110756933689,
        "std": 2.784081528303997
    }
}