{
    "input1": {
        "min": -0.9999480843544006,
        "max": 0.9999836087226868,
        "mean": 0.0013958585914224386,
        "std": 0.5763953011560271
    },
    "input2": {
        "min": -0.9999068379402161,
        "max": 0.999984622001648,
        "mean": -0.000967650325037539,
        "std": 0.5780384322424906
    },
    "output": {
        "min": -0.9999480843544006,
        "max": 0.9936307072639465,
        "mean": -0.3316056728363037,
        "std": 0.4721712787583933
    }
}