{
    "input": {
        "min": -0.9998358488082886,
        "max": 0.9999432563781738,
        "mean": -0.004343441687524319,
        "std": 0.577010986474912
    },
    "filter": {
        "min": -0.9999380111694336,
        "max": 0.9996979832649231,
        "mean": 0.008421363102065193,
        "std": 0.5775271517503294
    },
    "bias": {
        "min": -0.9346652030944824,
        "max": 0.6353213787078857,
        "mean": -0.16463270783424377,
        "std": 0.5011014909117927
    },
    "output": {
        "min": -26.011531829833984,
        "max": 23.901016235351562,
        "mean": -0.19381152093410492,
        "std": 5.420945728277499
    }
}