{
    "input": {
        "min": -0.9999406933784485,
        "max": 0.9999836683273315,
        "mean": 0.0010499672498553991,
        "std": 0.5767609853428538
    },
    "filter": {
        "min": -0.9998374581336975,
        "max": 0.9927641153335571,
        "mean": -0.010681752115488052,
        "std": 0.5928393364197198
    },
    "bias": {
        "min": -0.8836519122123718,
        "max": 0.9189375042915344,
        "mean": 0.023789532482624054,
        "std": 0.631284618979248
    },
    "output": {
        "min": -10.978700637817383,
        "max": 10.556513786315918,
        "mean": 0.03177202492952347,
        "std": 2.7423677584386366
    }
}