{
    "input1": {
        "min": 2.512191258574603e-06,
        "max": 0.9999837279319763,
        "mean": 0.501476526260376,
        "std": 0.28921333052826975
    },
    "input2": {
        "min": 2.634325937833637e-05,
        "max": 0.9999378323554993,
        "mean": 0.5010744333267212,
        "std": 0.2889836705150695
    },
    "output": {
        "min": 4.430216722539626e-05,
        "max": 0.9999991059303284,
        "mean": 0.6927504539489746,
        "std": 0.2637562151773025
    }
}