{
    "input1": {
        "min": -0.9978636503219604,
        "max": 0.9744547009468079,
        "mean": -0.1748580038547516,
        "std": 0.5601786312300726
    },
    "input2": {
        "min": -0.9963271021842957,
        "max": 0.9893648624420166,
        "mean": 0.012903578579425812,
        "std": 0.5793635721631292
    },
    "output": {
        "min": -12.474120140075684,
        "max": 25.622310638427734,
        "mean": 0.44967371225357056,
        "std": 4.703260250351136
    }
}