{
    "input": {
        "min": -0.9999818205833435,
        "max": 0.9999780654907227,
        "mean": 0.002253010869026184,
        "std": 0.5760037334541739
    },
    "output1": {
        "min": -0.9999154806137085,
        "max": 0.9999755620956421,
        "mean": -0.00015448802150785923,
        "std": 0.5764184309570181
    },
    "output2": {
        "min": -0.9999818205833435,
        "max": 0.9999780654907227,
        "mean": 0.004660509992390871,
        "std": 0.5755875145868837
    }
}