{
    "input1": {
        "min": -0.9999991059303284,
        "max": 0.9999157190322876,
        "mean": 0.0005101533606648445,
        "std": 0.5786513098977443
    },
    "input2": {
        "min": -0.6467276811599731,
        "max": 0.9985506534576416,
        "mean": 0.06869716942310333,
        "std": 0.5023429505178316
    },
    "output": {
        "min": 0.0,
        "max": 1.0,
        "mean": 0.4656219482421875,
        "std": 0.49882055518886703
    }
}