{
    "input": {
        "min": -0.9999907612800598,
        "max": 0.9999738931655884,
        "mean": -0.000881400890648365,
        "std": 0.5771170789711835
    },
    "filter": {
        "min": -0.9971371293067932,
        "max": 0.9995052814483643,
        "mean": -0.03126953707800971,
        "std": 0.5800232508364503
    },
    "bias": {
        "min": -0.7683231830596924,
        "max": 0.8477661609649658,
        "mean": 0.053297124803066254,
        "std": 0.7156607976158601
    },
    "output": {
        "min": -15.647408485412598,
        "max": 15.299030303955078,
        "mean": 0.02585257468035289,
        "std": 3.9234495407454557
    }
}