{
    "input1": {
        "min": -0.999875545501709,
        "max": 0.999937891960144,
        "mean": 0.00128427823074162,
        "std": 0.5754346156685984
    },
    "input2": {
        "min": -0.5635709166526794,
        "max": 0.8239537477493286,
        "mean": 0.1734868586063385,
        "std": 0.3791804148606847
    },
    "output": {
        "min": -0.8236796855926514,
        "max": 0.82293301820755,
        "mean": -0.00015969749074429274,
        "std": 0.2344266060051574
    }
}