{
    "input": {
        "min": -0.9999698400497437,
        "max": 0.9999977946281433,
        "mean": 0.0020169601775705814,
        "std": 0.575968544129633
    },
    "filter": {
        "min": -0.9998828768730164,
        "max": 0.9999770522117615,
        "mean": 1.0549194282955594e-05,
        "std": 0.580055183479707
    },
    "bias": {
        "min": -0.936169445514679,
        "max": 0.9751293063163757,
        "mean": -0.10407650470733643,
        "std": 0.7157013754474058
    },
    "output": {
        "min": -32.73434066772461,
        "max": 35.03245162963867,
        "mean": -0.15189196169376373,
        "std": 7.643514553943965
    }
}