{
    "input": {
        "min": -0.999916136264801,
        "max": 0.9998936653137207,
        "mean": -0.002619669307023287,
        "std": 0.5759338807406004
    },
    "filter": {
        "min": -0.9995278120040894,
        "max": 0.9999673366546631,
        "mean": -0.015433249424914924,
        "std": 0.5805378541387559
    },
    "bias": {
        "min": -0.9068300724029541,
        "max": 0.9839373826980591,
        "mean": 0.08607108145952225,
        "std": 0.6821144762239193
    },
    "output": {
        "min": -35.62905502319336,
        "max": 35.48090744018555,
        "mean": 0.08237810432910919,
        "std": 8.96366239937673
    }
}