{
    "input": {
        "min": -0.9999385476112366,
        "max": 0.999983549118042,
        "mean": -0.002881065709516406,
        "std": 0.5771183461580495
    },
    "filter": {
        "min": -0.9986847639083862,
        "max": 0.9995390176773071,
        "mean": 0.014392273426055908,
        "std": 0.5787192642778403
    },
    "bias": {
        "min": -0.8246786594390869,
        "max": 0.9118873476982117,
        "mean": -0.016131341457366943,
        "std": 0.5720141926829388
    },
    "output": {
        "min": -16.358806610107422,
        "max": 18.530027389526367,
        "mean": 0.04337745855662448,
        "std": 4.516110167756
    }
}