{
    "input1": {
        "min": -0.9867281317710876,
        "max": 0.9772379994392395,
        "mean": -0.04840709641575813,
        "std": 0.5557425202704778
    },
    "input2": {
        "min": -0.9988858103752136,
        "max": 0.9658063054084778,
        "mean": 0.08679191768169403,
        "std": 0.5695834325274072
    },
    "output": {
        "min": 0.0,
        "max": 0.0,
        "mean": 0.0,
        "std": 0.0
    }
}