{
    "input1": {
        "min": -0.9552303552627563,
        "max": 0.9853338003158569,
        "mean": 0.025407420471310616,
        "std": 0.5490667765887935
    },
    "input2": {
        "min": -0.9860291481018066,
        "max": 0.9151058793067932,
        "mean": -0.07811082154512405,
        "std": 0.5576500570280721
    },
    "output": {
        "min": -0.8388550281524658,
        "max": 0.7379157543182373,
        "mean": -0.03704986721277237,
        "std": 0.2990283589721802
    }
}