{
    "input1": {
        "min": -0.9999903440475464,
        "max": 0.9999966025352478,
        "mean": -0.0016363267786800861,
        "std": 0.577249166737404
    },
    "input2": {
        "min": -0.8880279064178467,
        "max": 0.9896134734153748,
        "mean": -0.07002681493759155,
        "std": 0.6439633924422222
    },
    "output": {
        "min": -0.8880279064178467,
        "max": 0.9999966025352478,
        "mean": 0.3130781650543213,
        "std": 0.5186108773086651
    }
}