{
    "input1": {
        "min": -0.9999991059303284,
        "max": 0.9999899864196777,
        "mean": -0.004219783935695887,
        "std": 0.5776792398482679
    },
    "input2": {
        "min": -0.999988317489624,
        "max": 0.999958872795105,
        "mean": -0.0016351775266230106,
        "std": 0.5780496641607542
    },
    "output": {
        "min": -0.999988317489624,
        "max": 0.999958872795105,
        "mean": -0.0016351775266230106,
        "std": 0.5780496641607542
    }
}