{
    "input": {
        "min": -0.999915599822998,
        "max": 0.9999544620513916,
        "mean": -9.60417091846466e-05,
        "std": 0.5782603258991309
    },
    "filter": {
        "min": -0.9946147203445435,
        "max": 0.9991170763969421,
        "mean": -0.003311293406618966,
        "std": 0.5703360258528056
    },
    "bias": {
        "min": -0.9909828901290894,
        "max": 0.9917993545532227,
        "mean": 0.0671171098947525,
        "std": 0.6727437111780419
    },
    "output": {
        "min": -17.645305633544922,
        "max": 16.376216888427734,
        "mean": 0.06784774357884812,
        "std": 3.799896574157504
    }
}