{
    "input": {
        "min": -0.9999920725822449,
        "max": 0.9999880790710449,
        "mean": 0.0006964476779103279,
        "std": 0.5758846104083196
    },
    "filter": {
        "min": -0.9987474679946899,
        "max": 0.9974497556686401,
        "mean": -0.03031616409619649,
        "std": 0.571854386458952
    },
    "bias": {
        "min": -0.9373648762702942,
        "max": 0.9505318403244019,
        "mean": 0.03923805058002472,
        "std": 0.6467031246393645
    },
    "output": {
        "min": -12.680121421813965,
        "max": 10.954256057739258,
        "mean": 0.026723552495241165,
        "std": 2.782878493898242
    }
}