{
    "input": {
        "min": -0.9712900519371033,
        "max": 0.9909670352935791,
        "mean": 0.0061768218874931335,
        "std": 0.5836542192420091
    },
    "weights": {
        "min": -0.9925503134727478,
        "max": 0.9967687129974365,
        "mean": -0.027023255825042725,
        "std": 0.5730299882651246
    },
    "output": {
        "min": -3.5746233463287354,
        "max": 3.5370616912841797,
        "mean": 0.08995760232210159,
        "std": 1.410275454236842
    }
}