{
    "input1": {
        "min": 0.008523436263203621,
        "max": 0.9966904520988464,
        "mean": 0.5301909446716309,
        "std": 0.2922056947285231
    },
    "input2": {
        "min": 0.005653049796819687,
        "max": 0.9710666537284851,
        "mean": 0.4847755432128906,
        "std": 0.2871186341468236
    },
    "output": {
        "min": 0.04102391004562378,
        "max": 0.9993538856506348,
        "mean": 0.7102962732315063,
        "std": 0.27036035988459733
    }
}