{
    "input": {
        "min": -0.999789297580719,
        "max": 0.9999833106994629,
        "mean": -0.005500853061676025,
        "std": 0.5772741321422007
    },
    "filter": {
        "min": -0.9986627697944641,
        "max": 0.998503565788269,
        "mean": -0.0023975123961766562,
        "std": 0.5677331768749493
    },
    "bias": {
        "min": -0.9811569452285767,
        "max": 0.8575531244277954,
        "mean": -0.11508599668741226,
        "std": 0.5853598147140285
    },
    "output": {
        "min": -12.00876522064209,
        "max": 11.302595138549805,
        "mean": -0.11181528866291046,
        "std": 2.7854213763637983
    }
}