{
    "input1": {
        "min": -0.9999827742576599,
        "max": 0.9999805092811584,
        "mean": 0.003784540807828307,
        "std": 0.5765935260895877
    },
    "input2": {
        "min": -0.9999275803565979,
        "max": 0.9999760389328003,
        "mean": -0.002967891050502658,
        "std": 0.5787653069133898
    },
    "output": {
        "min": 0.0,
        "max": 1.0,
        "mean": 0.5035400390625,
        "std": 0.49999128261169307
    }
}