{
    "input1": {
        "min": -0.9999903440475464,
        "max": 0.9999995827674866,
        "mean": -0.0027255848981440067,
        "std": 0.5771466631586198
    },
    "input2": {
        "min": -0.9081583023071289,
        "max": 0.909317135810852,
        "mean": 0.17443667352199554,
        "std": 0.4958613328570917
    },
    "output": {
        "min": 0.0,
        "max": 0.0,
        "mean": 0.0,
        "std": 0.0
    }
}