{
    "input": {
        "min": -0.9999879002571106,
        "max": 0.999893307685852,
        "mean": -0.005373842548578978,
        "std": 0.5764549797231191
    },
    "filter": {
        "min": -0.9918363094329834,
        "max": 0.9994705319404602,
        "mean": 0.0106755830347538,
        "std": 0.5835570811515204
    },
    "bias": {
        "min": -0.9352807998657227,
        "max": 0.938442051410675,
        "mean": -0.09135958552360535,
        "std": 0.6525211653009891
    },
    "output": {
        "min": -16.529987335205078,
        "max": 14.637304306030273,
        "mean": -0.10164351761341095,
        "std": 3.734365278384055
    }
}