{
    "input": {
        "min": -0.9999426007270813,
        "max": 0.9999932050704956,
        "mean": -0.0016482046339660883,
        "std": 0.5780841180819207
    },
    "filter": {
        "min": -0.998993992805481,
        "max": 0.9999353289604187,
        "mean": -0.014231656988461813,
        "std": 0.5778450678267356
    },
    "bias": {
        "min": -0.55763840675354,
        "max": 0.6202517151832581,
        "mean": 0.18457794189453125,
        "std": 0.42278709906647655
    },
    "output": {
        "min": -9.597174644470215,
        "max": 11.049235343933105,
        "mean": 0.1828894019126892,
        "std": 2.0256455785530454
    }
}