{
    "input1": {
        "min": -0.9410931468009949,
        "max": 0.9783437848091125,
        "mean": 0.11363546550273895,
        "std": 0.6145738992006147
    },
    "input2": {
        "min": -0.9353542923927307,
        "max": 0.9536410570144653,
        "mean": 0.007326159626245499,
        "std": 0.5752463015532884
    },
    "output": {
        "min": 0.0,
        "max": 1.0,
        "mean": 0.5625,
        "std": 0.49999999999999994
    }
}