{
    "input": {
        "min": -0.999958336353302,
        "max": 0.9998864531517029,
        "mean": -0.002504043746739626,
        "std": 0.5793947853719243
    },
    "filter": {
        "min": -0.9995571970939636,
        "max": 0.9989538192749023,
        "mean": -0.017255576327443123,
        "std": 0.5699413939691333
    },
    "bias": {
        "min": -0.9022136330604553,
        "max": 0.9786220192909241,
        "mean": 0.2276589572429657,
        "std": 0.6313647310939916
    },
    "output": {
        "min": -8.3192720413208,
        "max": 8.20578670501709,
        "mean": 0.22175338864326477,
        "std": 1.9321912736400766
    }
}