{
    "input1": {
        "min": 0.0,
        "max": 1.0,
        "mean": 0.4375,
        "std": 0.49999999999999994
    },
    "input2": {
        "min": 0.0,
        "max": 1.0,
        "mean": 0.5,
        "std": 0.5039526306789697
    },
    "output": {
        "min": 0.0,
        "max": 1.0,
        "mean": 0.765625,
        "std": 0.42695628191498325
    }
}