{
    "input1": {
        "min": -0.9749161601066589,
        "max": 0.9701876044273376,
        "mean": -0.013720124959945679,
        "std": 0.6104822318546509
    },
    "input2": {
        "min": -0.9901570677757263,
        "max": 0.9543177485466003,
        "mean": -0.052888572216033936,
        "std": 0.5848290738093032
    },
    "output": {
        "min": -1.8419194221496582,
        "max": 1.6952704191207886,
        "mean": -0.06660871207714081,
        "std": 0.809485358545815
    }
}