{
    "input1": {
        "min": -0.9999911785125732,
        "max": 0.9999685883522034,
        "mean": 0.00019289832562208176,
        "std": 0.5787593931269635
    },
    "input2": {
        "min": -0.9999554753303528,
        "max": 0.9999819993972778,
        "mean": 0.0029106605798006058,
        "std": 0.5778013473533163
    },
    "output": {
        "min": 0.0,
        "max": 0.0,
        "mean": 0.0,
        "std": 0.0
    }
}