{
    "input": {
        "min": -0.9999263286590576,
        "max": 0.9999761581420898,
        "mean": 0.0005154833197593689,
        "std": 0.577547580607215
    },
    "filter": {
        "min": -0.9971349239349365,
        "max": 0.9965019226074219,
        "mean": 0.009283095598220825,
        "std": 0.5700927905675415
    },
    "bias": {
        "min": -0.5655946135520935,
        "max": 0.7711858153343201,
        "mean": 0.16217127442359924,
        "std": 0.5629670904096181
    },
    "output": {
        "min": -15.382150650024414,
        "max": 17.438709259033203,
        "mean": 0.17727652725766185,
        "std": 3.8319030825004488
    }
}