{
    "input": {
        "min": -0.9999501705169678,
        "max": 0.9998669028282166,
        "mean": -0.0009056119015440345,
        "std": 0.5754926815369303
    },
    "filter": {
        "min": -0.9999010562896729,
        "max": 0.9995117783546448,
        "mean": 0.005315438825256971,
        "std": 0.5742601982433051
    },
    "bias": {
        "min": -0.9686787724494934,
        "max": 0.46047019958496094,
        "mean": -0.16540014743804932,
        "std": 0.4767932736999092
    },
    "output": {
        "min": -30.65114974975586,
        "max": 24.708478927612305,
        "mean": -0.20455527305603027,
        "std": 6.173716783047877
    }
}