{
    "input1": {
        "min": -0.9999300241470337,
        "max": 0.9999845027923584,
        "mean": 0.0024933440145105124,
        "std": 0.5752106955391938
    },
    "input2": {
        "min": -0.9724226593971252,
        "max": 0.9575156569480896,
        "mean": 0.13714668154716492,
        "std": 0.5919704490072554
    },
    "output": {
        "min": 0.0,
        "max": 1.0,
        "mean": 0.4342193603515625,
        "std": 0.4956578014877972
    }
}