{
    "input": {
        "min": -0.9999756813049316,
        "max": 0.9999793171882629,
        "mean": 0.00023803544172551483,
        "std": 0.5769489163751669
    },
    "filter": {
        "min": -0.99995356798172,
        "max": 0.9987173080444336,
        "mean": 0.01977262645959854,
        "std": 0.5736395068074716
    },
    "bias": {
        "min": -0.8904737234115601,
        "max": 0.8256332278251648,
        "mean": 0.1787896305322647,
        "std": 0.7219991049956792
    },
    "output": {
        "min": -23.506328582763672,
        "max": 22.299570083618164,
        "mean": 0.2686535120010376,
        "std": 5.191741851285062
    }
}