{
    "input1": {
        "min": -0.9999241828918457,
        "max": 0.9999248385429382,
        "mean": 0.0024466856848448515,
        "std": 0.5777385819947813
    },
    "input2": {
        "min": -0.9999135136604309,
        "max": 0.9999812841415405,
        "mean": -0.0031422849278897047,
        "std": 0.579278323737852
    },
    "output": {
        "min": -1.9961776733398438,
        "max": 1.9890068769454956,
        "mean": -0.000695599417667836,
        "std": 0.8170155260692384
    }
}