{
    "input1": {
        "min": -0.9999675154685974,
        "max": 0.999961793422699,
        "mean": 0.004546315409243107,
        "std": 0.5775767965727444
    },
    "input2": {
        "min": -0.8264564871788025,
        "max": 0.9230548739433289,
        "mean": 0.1194995641708374,
        "std": 0.5652494646565496
    },
    "output": {
        "min": -1.9227697849273682,
        "max": 1.8258849382400513,
        "mean": -0.11495324969291687,
        "std": 0.7973429272196183
    }
}