{
    "input": {
        "min": -0.9999986290931702,
        "max": 0.9999703168869019,
        "mean": -0.0006082108011469245,
        "std": 0.5772366835373607
    },
    "filter": {
        "min": -0.9996939897537231,
        "max": 0.9999959468841553,
        "mean": 0.0002520906925201416,
        "std": 0.5797760022721977
    },
    "bias": {
        "min": -0.029294868931174278,
        "max": 0.8955584168434143,
        "mean": 0.46357473731040955,
        "std": 0.32903940828062456
    },
    "output": {
        "min": -11.292154312133789,
        "max": 13.862994194030762,
        "mean": 0.46871407826741535,
        "std": 2.224128617669832
    }
}