{
    "input": {
        "min": -0.9776095151901245,
        "max": 0.942165732383728,
        "mean": -0.08188946545124054,
        "std": 0.5648872500690756
    },
    "weights": {
        "min": -0.99518883228302,
        "max": 0.999756395816803,
        "mean": 0.011275527998805046,
        "std": 0.5646122373766959
    },
    "bias": {
        "min": -0.9282609224319458,
        "max": 0.9840401411056519,
        "mean": 0.07923493534326553,
        "std": 0.5721682723873099
    },
    "output": {
        "min": -3.7135472297668457,
        "max": 3.406238079071045,
        "mean": 0.08225353062152863,
        "std": 1.3374983898140376
    }
}