{
    "input1": {
        "min": 1.8523256585467607e-05,
        "max": 0.9999547600746155,
        "mean": 0.4987303912639618,
        "std": 0.2882406279375255
    },
    "input2": {
        "min": 0.000714386289473623,
        "max": 0.9887797236442566,
        "mean": 0.485874742269516,
        "std": 0.3760766625666722
    },
    "output": {
        "min": 7.521768566220999e-05,
        "max": 0.9999998211860657,
        "mean": 0.7146964073181152,
        "std": 0.2769712134788842
    }
}