{
    "input1": {
        "min": -0.9999517798423767,
        "max": 0.9999974370002747,
        "mean": -0.0005273754941299558,
        "std": 0.5780786744515504
    },
    "input2": {
        "min": -0.9904396533966064,
        "max": 0.9406948685646057,
        "mean": -0.041350509971380234,
        "std": 0.5996165974377208
    },
    "output": {
        "min": -1.990307331085205,
        "max": 1.939902663230896,
        "mean": -0.04187788814306259,
        "std": 0.8200546218502595
    }
}